农业=[601118,300143,300511,600108,600598,300087,600371,600354,002041,600540,600313,002772,600506,000998,300189,600359,]
***********************************
林业=[600265,002679,002200,000592,]
***********************************
畜牧业=[002321,002746,002234,000735,600965,002505,002458,300313,300498,002299,002477,002714,600975,300106,]
***********************************
渔业=[600097,600257,600467,002696,002069,300094,002086,200992,002447,000798,]
***********************************
农、林、牧、渔服务业=[000713,]
***********************************
煤炭开采和洗选业=[601225,600121,000571,601666,600123,600188,600971,600348,600714,900948,002128,601898,601918,600508,000780,601088,600157,000937,601001,000968,]
***********************************
石油和天然气开采业=[601857,600759,600028,600256,]
***********************************
黑色金属矿采选业=[600882,600193,000762,000629,601969,000655,600532,]
***********************************
有色金属矿采选业=[000426,000688,600259,600497,601069,603993,002155,600766,600489,000758,600547,000603,600139,600311,000975,601899,000693,000813,601020,601958,]
***********************************
非金属矿采选业=[]
***********************************
开采辅助活动=[002683,601808,603979,600583,002207,300084,002629,600871,002554,300164,300157,300191,]
***********************************
其他采矿业=[]
***********************************
农副食品加工业=[002515,002220,002330,002311,000911,002157,002286,300138,002548,600095,603609,900919,002604,600191,000893,600737,600438,600251,000639,002726,]
***********************************
食品制造业=[300381,002732,300149,002495,002626,600597,603696,002329,300401,600381,002661,600073,603020,002719,600305,600872,600866,600873,600429,603288,]
***********************************
酒、饮料和精制茶制造业=[000995,000799,600559,603369,002461,600779,600132,000568,200596,600059,600084,601579,000929,600519,600199,600809,000596,600702,603198,002646,]
***********************************
烟草制品业=[]
***********************************
纺织业=[000955,600152,603558,002083,002034,002394,000158,002516,600493,000850,601339,900917,600220,600851,600987,900922,600232,000779,002042,002397,]
***********************************
纺织服装、服饰业=[002503,002569,002404,002291,002612,603555,002563,002740,300005,601566,002239,002486,002656,603518,601718,600107,002154,002763,002269,002762,]
***********************************
皮革、毛皮、羽毛及其制品和制鞋业=[600439,600735,603001,002674,603116,603608,002494,603958,]
***********************************
木材加工和木、竹、藤、棕、草制品业=[002259,601996,600189,600321,600076,002631,000910,002240,002043,]
***********************************
家具制造业=[002751,002798,603600,000663,603818,600978,002489,603898,603008,002572,]
***********************************
造纸和纸制品业=[600069,002799,000815,002078,000833,600235,200488,002521,002511,600308,600793,002012,600966,600567,200986,002067,000576,603022,600356,002303,]
***********************************
印刷和记录媒介复制业=[002803,600836,002599,000812,002117,002812,002191,002229,601515,]
***********************************
文教、工美、体育和娱乐用品制造业=[603398,300043,002348,002678,002502,002292,603899,002575,002605,300329,002103,002301,]
***********************************
石油加工、炼焦和核燃料加工业=[600179,601011,600792,000698,600740,600997,000637,601015,000059,000723,002377,600281,600688,603798,600721,600725,000835,000819,002778,600333,]
***********************************
化学原料和化学制品制造业=[000818,002810,002802,002809,300530,300535,300537,300522,002805,600091,000707,300121,600226,600486,600367,002453,002109,002215,603299,000683,]
***********************************
医药制造业=[002365,600750,300519,600216,002038,002675,300233,603998,600222,600201,300501,300497,300482,002022,002102,300255,002166,300119,600664,600380,]
***********************************
化学纤维制造业=[000420,600889,600810,601113,000677,002254,601233,000936,000976,002172,600527,002493,000584,000949,000703,000782,002427,002064,600063,000687,]
***********************************
橡胶和塑料制品业=[300539,000599,002676,300021,300218,300478,300230,002108,002790,000859,300375,002522,300320,002324,601058,002585,601966,002243,300321,600143,]
***********************************
非金属矿物制品业=[300344,300064,000795,000885,600516,600449,002088,000023,300160,002742,002623,002201,600176,600291,600720,600802,300224,300409,603663,600529,]
***********************************
黑色金属冶炼和压延加工业=[600608,000932,000959,600507,000708,600126,600581,002075,002756,900936,600390,600408,600005,601005,600019,600295,000825,000761,600010,200761,]
***********************************
有色金属冶炼和压延加工业=[002082,603799,600392,600549,600331,002160,601677,002114,300337,002379,002182,600459,002460,000751,300034,002295,300428,603399,601137,600111,]
***********************************
金属制品业=[002547,300328,000969,002150,000055,002743,002084,002545,601028,002787,601968,300464,002722,600615,002318,002342,002701,603028,002487,600558,]
***********************************
通用设备制造业=[603090,600475,300540,603131,002122,600806,002598,002347,600619,601002,300280,002009,002793,300512,000811,603339,300185,300126,002686,603699,]
***********************************
专用设备制造业=[603159,300382,300527,300273,002730,600346,300529,002006,002021,300521,002779,300228,601218,600579,002177,600860,300526,002564,002509,002490,]
***********************************
汽车制造业=[002708,000550,603997,002703,002715,002625,300304,600213,300237,002328,200550,002662,000951,300432,601127,601633,600960,002284,300507,002434,]
***********************************
铁路、船舶、航空航天和其他运输设备制造业=[000913,002105,600038,603766,000008,600099,001696,601989,600495,601766,900916,900915,000738,002608,200054,603069,601890,002023,603508,600877,]
***********************************
电气机械和器材制造业=[603988,603515,603861,300407,300279,002801,000836,300152,000806,300477,603016,300499,002606,002647,002451,002705,200418,000333,603618,002723,]
***********************************
计算机、通信和其他电子设备制造业=[002808,603986,300531,600734,300232,000020,300319,600183,000413,002636,600601,002313,300516,000561,300205,000970,002660,300502,002017,600980,]
***********************************
仪器仪表制造业=[002747,300259,300515,002121,002338,002356,300417,300349,300309,300370,002767,002058,300371,600071,002175,300286,603100,300338,300480,300466,]
***********************************
其他制造业=[002247,002173,300483,002731,600687,300163,002574,000587,900905,600612,002098,300061,300116,002721,002120,002345,600086,002718,]
***********************************
废弃资源综合利用业=[002340,]
***********************************
金属制品、机械和设备修理业=[]
***********************************
电力、热力生产和供应业=[300335,002479,600452,600098,600744,000939,600758,600900,600979,000958,600995,000966,600674,000301,600236,000862,000692,600483,000695,601985,]
***********************************
燃气生产和供应业=[600917,300332,600856,600635,900913,600642,002267,601139,600617,002700,000421,600207,000669,]
***********************************
水的生产和供应业=[600187,000544,600283,601158,600874,000685,900935,601368,600461,000598,600168,601199,600008,600323,000605,]
***********************************
房屋建筑业=[000628,]
***********************************
土木工程建筑业=[600512,600986,300517,000065,002060,000010,600248,000961,002310,600491,600502,002659,300355,300055,600853,600820,600284,000090,600846,002775,]
***********************************
建筑安装业=[]
***********************************
建筑装饰和其他建筑业=[603007,300506,002081,002047,002482,002524,601611,002163,600477,603828,002789,002781,002325,002375,600681,002323,900939,601886,002620,600209,]
***********************************
批发业=[300538,600511,600382,000411,600822,600120,000652,600287,600829,000996,000626,000829,600648,600811,000701,002441,002221,600647,000632,600605,]
***********************************
零售业=[603031,002640,600386,002264,000785,000501,600280,002556,600774,600830,000851,600833,600865,000026,600697,000417,600694,600838,600272,600785,]
***********************************
铁路运输业=[601006,000557,601333,600125,]
***********************************
道路运输业=[600119,600350,002800,000900,600662,600012,002627,600020,600033,601107,600106,600035,600269,600561,600548,000828,600377,000916,600676,000548,]
***********************************
水上运输业=[200022,600279,002040,600692,900952,600717,600751,601880,601872,600026,000022,000520,601018,601919,600018,603167,900938,600896,600190,600428,]
***********************************
航空运输业=[000099,600897,600221,900945,601021,601111,000089,603885,600009,600270,200152,600115,600029,600004,]
***********************************
管道运输业=[]
***********************************
装卸搬运和运输代理业=[002245,603128,]
***********************************
仓储业=[300240,600794,603066,002492,002711,200053,300013,600787,300350,]
***********************************
邮政业=[]
***********************************
住宿业=[000007,600258,600754,900934,000524,000428,200613,601007,000613,]
***********************************
餐饮业=[002306,002186,000721,]
***********************************
电信、广播电视和卫星传输服务=[600637,000839,600959,601929,000917,300288,600050,300310,600831,002238,600037,000892,600936,]
***********************************
互联网和相关服务=[300431,603000,000503,300059,300031,300104,002095,002439,600804,002315,002555,300295,002174,300418,002467,300113,300467,002131,300392,300226,]
***********************************
软件和信息技术服务业=[300513,300532,300533,300520,300518,600588,000971,300508,300525,300494,603636,002517,600476,002153,300020,300493,300167,300523,300025,600845,]
***********************************
货币金融服务=[601997,600919,601169,601009,600036,600015,601998,601988,600000,601398,002142,601818,000001,601939,601166,601288,601328,600016,]
***********************************
资本市场服务=[000728,002797,601555,002736,601198,601688,601901,601099,601377,601211,600109,600999,000750,002673,000783,000712,600061,000166,601788,600837,]
***********************************
保险业=[601601,601336,601628,601318,000627,]
***********************************
其他金融业=[000416,000563,600816,600705,600643,]
***********************************
房地产业=[000002,000918,600322,000402,000573,601155,600823,600246,600383,600733,600663,000736,600325,002208,600606,000691,000014,600048,600743,000656,]
***********************************
租赁业=[603300,000415,]
***********************************
商务服务业=[600113,603729,600790,002344,002712,603569,000061,600640,002769,601888,600057,900929,000861,600415,002027,002181,002127,603117,002707,000058,]
***********************************
研究和试验发展=[600645,300404,]
***********************************
专业技术服务业=[300215,603017,603959,603909,002738,300008,300284,300500,603018,300492,002116,603126,601226,300125,002398,002776,300384,002178,002469,603698,]
***********************************
科技推广和应用服务业=[]
***********************************
水利管理业=[]
***********************************
生态保护和环境治理业=[002549,600292,000005,002573,000826,300388,300187,300190,300422,300172,603568,300070,002672,603588,000035,]
***********************************
公共设施管理业=[603869,000888,600054,600706,000069,002159,603199,900942,000978,000430,002059,002558,000809,000610,600749,600593,603099,002033,]
***********************************
居民服务业=[]
***********************************
机动车、电子产品和日用产品修理业=[]
***********************************
其他服务业=[]
***********************************
教育=[603377,600661,]
***********************************
卫生=[000150,300015,300244,300347,600763,002044,]
***********************************
社会工作=[]
***********************************
新闻和出版业=[300148,601801,601928,600633,601098,601999,600757,601811,600825,000504,000719,601900,600373,600229,600880,000793,600551,603999,300364,000607,]
***********************************
广播、电视、电影和影视录音制作业=[300528,601595,600977,600136,300426,000802,002071,002624,000156,300251,300027,002739,300133,300336,000665,300291,002343,600088,]
***********************************
文化艺术业=[000673,300144,000681,002699,]
***********************************
体育=[]
***********************************
娱乐业=[]
***********************************
综合=[600149,600783,000009,600175,600082,600895,000532,000909,000881,600770,600212,600817,600603,600455,000409,600624,000034,000931,600200,000551,]
***********************************